3816
716
63
2567
1167
3763
3278
2673
3129
1010
3865
1165
72
1987
1255
3971
3638
18
3869
3960
1256
2493
454
109
3763
4713
347
2
452
4611
2722
728
809
1328
925
1794
256
1176
3971
4750
27
4615
2706
4131
594
984
4573
4749
2370
3421
931
2230
3884
4678
3601
296
2415
3728
1964
1640
3475
902
121
73
1234
4505
4241
3100
525
4313
3186
3075
4029
1529
3789
4412
1562
671
3361
3119
3419
3926
4510
4377
1281
2535
3253
3875
3550
458
1484
3610
2897
4613
4125
2238
1388
577
3357
4286
1004
4933
3019
2140
1318
1010
3502
1548
4487
1609
1894
705
54
85
1032
483
3649
2761
1456
2800
3718
573
2698
4861
3251
2778
4975
1786
1033
641
2728
3430
2609
4927
3806
3913
1323
1896
1162
2688
1821
3009
1567
2753
3157
2892
2580
3985
3275
1118
1910
3129
2470
3337
2132
2058
713
2308
504
3860
4706
560
2318
2917
4594
2495
318
3173
1597
2343
3468
3304
3806
1983
4439
4884
1709
3924
4486
4833
4207
501
3564
653
1476
1515
4333
1530
1724
3208
653
1971
2869
3014
3324
4424
345
4603
970
377
1
3745
3602
3327
3822
1821
734
670
4777
4795
4754
1606
3071
4136
4722
784
2182
1544
2836
328
2093
444
1351
2920
4515
2420
605
2804
1188
3654
4050
2909
4506
4383
3625
3347
1410
951
919
2042
2757
2450
1391
4001
3817
798
3350
3080
1596
2011
3186
4958
3830
3363
3731
3399
2879
2554
2548
4524
2
3382
2768
839
4671
234
3112
4027
1445
2189
2611
2194
6
2198
3631
3173
3454
2668
878
2680
3686
3230
4344
4549
1962
4001
69
1612
2466
3436
467
1955
1360
168
1320
1758
1644
787
3460
2420
3384
2503
916
1175
1455
2744
917
3640
2907
492
2466
1399
1285
4278
2080
507
3701
3423
3517
4069
1150
1998
716
4621
2036
285
4355
3020
721
3931
4098
4964
3313
504
444
304
1458
1523
4018
4973
1038
4286
105
1236
3520
1751
2635
3305
4461
3219
1335
2764
4860
90
3412
1336
2673
1728
1989
3693
692
3733
4786
4897
403
1279
3617
1008
179
2488
4737
1541
4588
3422
756
4590
4830
51
1029
3871
446
4424
4578
4402
3808
4365
1825
556
2562
3103
97
4349
1
2770
107
1852
3575
1217
2593
48
4947
942
4664
435
4121
2768
3580
580
4783
2569
1018
3293
4185
4536
2554
4420
3348
4345
3319
657
3784
2942
4326
4974
726
1266
2009
281
3044
2947
544
2565
3340
905
1354
1162
4642
2570
2908
365
499
2044
615
2139
2329
4847
4320
4377
2239
1246
3595
3449
3824
3364
4486
2367
4945
1735
2569
1703
3019
4281
871
644
182
503
4471
4740
1377
2098
3669
4110
1658
4723
792
4097
2772
3422
3878
219
1883
70
2927
1208
1459
80
2976
1733
3078
2681
3110
3147
4075
647
2146
2269
2462
3790
3416
1617
3700
4436
4063
2523
3451
1082
2868
3174
2597
2998
1304
1628
4245
2406
700
1675
3672
2708
3476
1081
218
3482
4974
3977
3718
2250
2585
2925
2533
4589
2938
3505
121
1352
1495
2423
1391
94
2783
4608
4581
1171
4544
1714
83
4440
204
2688
2590
1851
1808
2409
4103
3511
1155
1260
3833
1168
4302
1375
4328
3015
3013
1955
482
1021
2272
570
4477
1179
1707
230
2936
1266
1704
4579
1941
4987
1008
3838
2542
2433
3887
2317
3205
3203
2215
4424
777
4974
2457
1776
773
3063
537
2878
4180
1008
1849
4786
1735
2843
2319
3052
4640
4294
30
4916
3071
3626
4628
3819
765
3548
1169
588
2012
2545
1047
1762
4221
2427
1472
3059
2207
2809
2932
509
649
2768
958
2164
4511
4175
1020
2758
2064
3877
659
3096
342
4813
945
423
453
226
4738
3463
3885
1505
4705
2312
667
3119
4756
3796
1722
1323
961
464
2139
4924
3833
4285
4211
4609
1168
4651
16
4729
4605
3239
438
3152
4540
4487
2607
466
3648
1830
2251
3800
1173
1326
663
1355
1828
4893
81
3481
2468
38
524
1324
2965
1205
3207
4456
204
1993
3293
2711
586
3870
2310
2938
1121
476
4486
812
1971
1227
1406
4455
4064
3763
3375
4275
4292
4080
2181
878
4628
4020
1764
1353
4571
4464
1863
1182
1022
4164
3154
4829
311
2935
986
2101
491
3246
273
4566
4300
4478
3762
1688
3143
4510
2159
2782
306
3915
4942
2366
1867
1882
1472
1423
3700
1546
4039
2465
2604
3694
4704
876
4547
4903
172
2669
3481
111
3038
3736
2471
3844
1932
4855
2860
3594
4865
4142
4807
3335
1568
1495
2505
1751
629
3766
420
1592
1874
664
871
1408
518
4356
345
4676
677
730
951
44
870
2403
4173
3835
4321
2823
500
4093
26
2895
2826
871
546
2609
1671
544
755
4660
1343
2939
4777
3159
2383
53
518
1811
1188
3273
3756
412
1399
4010
849
4728
735
243
3388
2549
2087
1727
3567
2138
4855
3621
2132
967
3005
4113
1410
3578
1441
2864
1749
4631
3719
2038
4469
4879
2401
4696
2633
3615
2521
4051
3871
1190
2399
70
2084
2482
2459
1359
98
1528
4289
263
4530
2084
3562
4814
4425
3567
4747
1221
4372
2925
4936
2066
14
3484
2012
2675
1627
3457
288
2818
2407
95
3062
1106
1451
1645
2876
1721
1886
4354
902
3571
3567
1101
1624
1819
50
961
4783
1993
2066
4151
1609
2003
4615
4448
2802
3424
1616
4553
2508
942
2372
1285
497
4764
1456
4538
4480
357
4655
1836
2327
1066
3212
4744
846
3535
4039
2446
2486
956
4518
3385
1886
1397
1746
961
742
1330
3945
4699
3442
31
1203
4598
4828
3907
4313
50
1523
2936
1055
1578
3972
3018
2623
834
1843
1693
4873
2744
3036
2710
1089
4397
352
3344
307
3012
4890
1518
3644
3242
2521
1834
1773
1811
111
2836
